------------------------knn------------------------

               precision    recall  f1-score   support

           0       1.00      1.00      1.00      8301
           1       1.00      1.00      1.00      8255
           2       1.00      1.00      1.00      8199
           3       1.00      1.00      1.00      8242
           4       1.00      1.00      1.00      8306
           5       1.00      1.00      1.00      8276
           6       1.00      1.00      1.00      8381
           7       1.00      1.00      1.00      8168
           8       1.00      1.00      1.00      8109
           9       1.00      1.00      1.00      8222
          10       1.00      1.00      1.00      8165
          11       0.97      1.00      0.98      8229
          12       1.00      0.96      0.98      8245

    accuracy                           1.00    107098
   macro avg       1.00      1.00      1.00    107098
weighted avg       1.00      1.00      1.00    107098

정확도: 0.997
정확도: 0.997
정확도: 0.997
정밀도micro: 0.997
정밀도macro: 0.997
정밀도weighted: 0.997
재현율micro: 0.997
재현율macro: 0.997
재현율weighted: 0.997
F1micro: 0.997
F1macro: 0.997
F1weighted: 0.997

------------------------svm3------------------------

               precision    recall  f1-score   support

           0       1.00      1.00      1.00      8301
           1       0.94      0.92      0.93      8255
           2       0.92      1.00      0.96      8199
           3       0.99      1.00      1.00      8242
           4       0.96      0.98      0.97      8306
           5       0.90      0.93      0.92      8276
           6       0.87      0.85      0.86      8381
           7       0.90      0.85      0.87      8168
           8       0.74      0.85      0.79      8109
           9       0.72      0.65      0.68      8222
          10       0.79      0.53      0.63      8165
          11       0.57      0.69      0.62      8229
          12       0.89      0.91      0.90      8245

    accuracy                           0.86    107098
   macro avg       0.86      0.86      0.86    107098
weighted avg       0.86      0.86      0.86    107098

정확도: 0.858
정확도: 0.858
정확도: 0.858
정밀도micro: 0.858
정밀도macro: 0.861
정밀도weighted: 0.861
재현율micro: 0.858
재현율macro: 0.858
재현율weighted: 0.858
F1micro: 0.858
F1macro: 0.856
F1weighted: 0.857

------------------------tree------------------------

               precision    recall  f1-score   support

           0       0.23      0.85      0.36      8301
           1       0.00      0.00      0.00      8255
           2       0.24      0.06      0.09      8199
           3       0.00      0.00      0.00      8242
           4       0.14      0.80      0.24      8306
           5       0.56      0.02      0.04      8276
           6       0.00      0.00      0.00      8381
           7       0.00      0.00      0.00      8168
           8       0.00      0.00      0.00      8109
           9       0.00      0.00      0.00      8222
          10       0.21      0.37      0.26      8165
          11       0.62      0.26      0.37      8229
          12       0.88      0.93      0.91      8245

    accuracy                           0.25    107098
   macro avg       0.22      0.25      0.17    107098
weighted avg       0.22      0.25      0.18    107098

정확도: 0.254
정확도: 0.254
정확도: 0.254
정밀도micro: 0.254
정밀도macro: 0.222
정밀도weighted: 0.222
재현율micro: 0.254
재현율macro: 0.253
재현율weighted: 0.254
F1micro: 0.254
F1macro: 0.175
F1weighted: 0.175

------------------------forest------------------------

           0       1.00      1.00      1.00      8301
           1       1.00      1.00      1.00      8255
           2       1.00      1.00      1.00      8199
           3       1.00      1.00      1.00      8242
           4       1.00      1.00      1.00      8306
           5       1.00      1.00      1.00      8276
           6       1.00      1.00      1.00      8381
           7       1.00      1.00      1.00      8168
           8       1.00      1.00      1.00      8109
           9       1.00      1.00      1.00      8222
          10       1.00      1.00      1.00      8165
          11       0.98      1.00      0.99      8229
          12       1.00      0.98      0.99      8245

    accuracy                           1.00    107098
   macro avg       1.00      1.00      1.00    107098
weighted avg       1.00      1.00      1.00    107098

정확도: 0.998
정확도: 0.998
정확도: 0.998
정밀도micro: 0.998
정밀도macro: 0.998
정밀도weighted: 0.998
재현율micro: 0.998
재현율macro: 0.998
재현율weighted: 0.998
F1micro: 0.998
F1macro: 0.998
F1weighted: 0.998

------------------------mlp------------------------

           0       1.00      1.00      1.00      8301
           1       0.96      0.97      0.97      8255
           2       1.00      1.00      1.00      8199
           3       0.99      1.00      1.00      8242
           4       0.99      1.00      1.00      8306
           5       1.00      1.00      1.00      8276
           6       0.98      0.95      0.97      8381
           7       0.97      0.97      0.97      8168
           8       0.96      0.94      0.95      8109
           9       0.79      0.85      0.82      8222
          10       0.71      0.68      0.70      8165
          11       0.55      0.56      0.56      8229
          12       0.90      0.87      0.88      8245

    accuracy                           0.91    107098
   macro avg       0.91      0.91      0.91    107098
weighted avg       0.91      0.91      0.91    107098

정확도: 0.908
정확도: 0.908
정확도: 0.908
정밀도micro: 0.908
정밀도macro: 0.909
정밀도weighted: 0.909
재현율micro: 0.908
재현율macro: 0.908
재현율weighted: 0.908
F1micro: 0.908
F1macro: 0.908
F1weighted: 0.908

------------------------adaboost------------------------

               precision    recall  f1-score   support

           0       0.53      0.71      0.61      8301
           1       0.42      0.64      0.51      8255
           2       0.99      0.65      0.78      8199
           3       0.98      0.67      0.80      8242
           4       0.85      0.40      0.55      8306
           5       1.00      0.40      0.57      8276
           6       0.70      0.45      0.55      8381
           7       0.67      0.36      0.47      8168
           8       0.53      0.35      0.42      8109
           9       0.38      0.26      0.31      8222
          10       0.28      0.36      0.31      8165
          11       0.13      0.23      0.17      8229
          12       0.41      0.98      0.58      8245

    accuracy                           0.50    107098
   macro avg       0.61      0.50      0.51    107098
weighted avg       0.61      0.50      0.51    107098

정확도: 0.497
정확도: 0.497
정확도: 0.497
정밀도micro: 0.497
정밀도macro: 0.606
정밀도weighted: 0.607
재현율micro: 0.497
재현율macro: 0.497
재현율weighted: 0.497
F1micro: 0.497
F1macro: 0.509
F1weighted: 0.510

------------------------gaussianNB------------------------

               precision    recall  f1-score   support

           0       0.49      0.39      0.44      8301
           1       0.19      0.12      0.15      8255
           2       0.24      0.03      0.05      8199
           3       0.00      0.00      0.00      8242
           4       0.00      0.00      0.00      8306
           5       0.13      0.46      0.20      8276
           6       0.04      0.01      0.02      8381
           7       0.19      0.02      0.04      8168
           8       0.00      0.00      0.00      8109
           9       0.31      0.03      0.05      8222
          10       0.10      0.22      0.14      8165
          11       0.16      0.57      0.25      8229
          12       0.70      0.91      0.80      8245

    accuracy                           0.21    107098
   macro avg       0.20      0.21      0.16    107098
weighted avg       0.20      0.21      0.16    107098

정확도: 0.213
정확도: 0.213
정확도: 0.213
정밀도micro: 0.213
정밀도macro: 0.196
정밀도weighted: 0.196
재현율micro: 0.213
재현율macro: 0.213
재현율weighted: 0.213
F1micro: 0.213
F1macro: 0.164
F1weighted: 0.164

------------------------qda------------------------

               precision    recall  f1-score   support

           0       0.74      0.12      0.20      8301
           1       0.30      0.24      0.27      8255
           2       1.00      0.16      0.28      8199
           3       0.90      0.27      0.42      8242
           4       1.00      0.07      0.13      8306
           5       0.10      1.00      0.19      8276
           6       0.30      0.06      0.10      8381
           7       0.33      0.10      0.16      8168
           8       0.63      0.10      0.17      8109
           9       0.22      0.03      0.06      8222
          10       0.27      0.07      0.11      8165
          11       0.37      0.07      0.12      8229
          12       0.94      0.45      0.61      8245

    accuracy                           0.21    107098
   macro avg       0.55      0.21      0.22    107098
weighted avg       0.55      0.21      0.22    107098

정확도: 0.212
정확도: 0.212
정확도: 0.212
정밀도micro: 0.212
정밀도macro: 0.546
정밀도weighted: 0.546
재현율micro: 0.212
재현율macro: 0.211
재현율weighted: 0.212
F1micro: 0.212
F1macro: 0.216
F1weighted: 0.216
